
power = 2004.97359169086
throughput = 16170.23
composite = 5693.93397587004
